#date   0  22   25   26   27  30   35   37   38   39   40   41
01      2  0    0    0    0    0    0    0    0    0    0    0
03      28 0    2    0    0    0    0    0    1    1    1    0
05      15 0    0    0    0    1    0    0    0    0    0    0
07      12 0    3    0    1    0    0    0    0    0    2    0
09      16 0    2    0    0    0    0    0    0    0    0    0
11      5  1    0    4    1    0    1    2    0    0    0    0
13      5  0    1    1    2    0    0    0    0    0    0    1
15      1  0    0    3    2    0    0    0    0    0    0    0
17      0  0    0    1    1    0    0    0    0    0    0    0
19      0  0    0    0    0    0    0    0    1    0    0    0
21      0  0    2    0    0    0    0    0    0    1    1    0
